9.03550794308842,10.286264141782,1
9.07680345553107,10.877843651821,1
10.54127184592,9.85973606696459,1
10.1865537964354,8.69547221226017,1
10.178082509437,9.41963304210747,1
10.9211867545544,10.7832358767734,1
10.3978043707101,10.7770535828481,1
10.5735755830594,8.92695027204792,1
10.2303594646074,9.62611580649956,1
9.0568066956451,9.46331677922527,1
10.2521579066862,11.3224223359638,1
11.196040892015,10.4009294542188,1
11.2020333815394,10.2986622199853,1
10.1709629454748,9.13507744124331,1
9.02816111372239,10.5039808386637,1
8.87962024810758,10.2640121024065,1
10.9426945081705,10.0864853774871,1
10.2799836189809,9.08756888359524,1
9.10480123579297,9.73306830747844,1
9.00125473123759,9.21186976338109,1
9.74207436265989,9.67581484175463,1
9.83310307189523,8.8045860844522,1
11.2188029919268,10.6178698924042,1
10.7256106474412,10.6718224678978,1
10.743686942817,9.93273247971325,1
10.8877618717439,9.28912024599255,1
9.06568392231887,10.055565735737,1
9.77679633667414,10.7473061896033,1
9.13144751599111,10.5288795445398,1
9.20485274101782,10.0592365127973,1
9.06536126300361,10.7771570414621,1
9.0001175487341,10.1432523103075,1
10.2216030973497,11.1770841702465,1
8.66460528561932,9.91586930127567,1
9.43960229502896,10.9638881269499,1
9.97488787287588,10.9869340554928,1
10.0504322006769,11.270238081229,1
10.1128430368391,10.9828095119118,1
10.4142108899568,9.41025607177092,1
10.5120275321153,10.4106187257039,1
10.9935778352448,10.3183356967418,1
9.12328916099656,10.1208905615259,1
10.3829362358569,10.5659761935366,1
10.9965062555705,9.53499635589152,1
10.1025289508321,10.9967971334568,1
10.8170644132483,9.3387082047093,1
9.70337491472346,11.0212352872844,1
10.3735860993877,9.98657790934309,1
9.15123875100172,11.0514532443461,1
9.1261871052577,9.93930569366654,1
9.43707761533397,9.95580272556906,1
9.11739296702955,9.11163789649438,1
9.36553251978952,9.71120013247859,1
9.58069257701686,10.2963605111474,1
11.1406486379475,9.55305668875723,1
10.7993027743266,11.0455041140037,1
11.2459223836933,9.74463782520544,1
9.78380241654976,9.99411878433656,1
10.6987338845413,10.9948311618598,1
11.3425427428357,9.99116948108203,1
10.474813992347,11.1783153775901,1
9.16516079681012,10.0295574064717,1
11.3253370085996,9.54716206230889,1
9.72289281621159,8.91073443801776,1
10.3731845867831,10.6632784194582,1
10.4368649318198,10.8138611275542,1
9.91482414836859,11.1964276776435,1
11.2698798338823,10.6114792578942,1
9.87435046817968,10.1147496668251,1
9.56372215588459,10.984888497327,1
10.3170409021465,11.0368448265738,1
8.65707341121189,10.0773511436144,1
9.64710908970591,9.80018264670792,1
9.82036091708776,9.67777826283533,1
9.50703849442936,9.07876535634363,1
10.5704747461845,9.89765052482627,1
9.54222022750068,10.9610018996494,1
8.89491273466323,10.5633451265004,1
10.8396558279551,9.08728450683501,1
8.95703517041695,10.2789228516318,1
10.0420171261409,10.6225717672074,1
10.8081772285723,9.08003494746779,1
8.99269720777676,9.91970410967513,1
11.0546913309969,10.3565762659978,1
10.697874352284,10.3146263865966,1
9.05526135522744,10.4955547251032,1
9.7908194586774,9.48713180573122,1
9.28786236174642,10.7945997026794,1
10.7413121302001,9.77760835006219,1
9.18253949015358,10.3297210292852,1
9.13618828553753,10.5175717677886,1
9.90561677290986,9.71910616954911,1
10.3706483605657,8.7668483950897,1
10.6836112378612,9.68361341419283,1
9.96295432682059,8.97941837001842,1
9.36683119252399,9.68933313953244,1
10.300730131233,9.28728753145684,1
10.123428267909,9.21623595544847,1
10.22888980365,8.68949518155232,1
11.0881374893646,9.14127508404777,1
9.77347572340827,9.8935617559344,1
9.531438946252,9.12418126809051,1
9.39625118737737,9.87733435108626,1
9.42233619199611,11.237332816483,1
10.073846812532,11.2673714676062,1
10.3574636405583,11.2476899227548,1
9.18673592000669,10.6345679319318,1
9.56755492729167,8.84804072142202,1
9.15968326860511,9.98836273651879,1
8.92157899276136,10.120564426481,1
9.9631865088372,10.7049120461768,1
10.0357128114144,8.96880700817612,1
9.60355923502508,9.00976429510362,1
11.0074582902303,10.4860952217994,1
10.1435160233602,10.1684445876968,1
10.1872522584275,8.67794837962023,1
9.33765520142092,10.0473689735256,1
10.6606301035686,10.4319022734038,1
10.6755486250335,10.2124432154725,1
9.30152350168689,9.95159359611522,1
10.2319003183628,10.1531021540039,1
10.2690896750646,10.5137009614143,1
11.1273815646058,9.16728180411059,1
11.1012446025261,10.2564262489888,1
10.3483683980678,10.7695336649502,1
10.4586168404124,9.56044861058675,1
9.52531878617565,9.84938826639096,1
9.27156954982948,9.91350156649242,1
11.1333851949038,10.623199238671,1
8.73106813855318,10.1707721777078,1
9.38312190527848,11.0676388516799,1
9.78958533876861,10.5881327084258,1
11.3028020213727,9.74328469501547,1
11.3977913273615,10.1554111030551,1
9.6382314626681,9.07968552657458,1
10.0030012585328,9.83869294962702,1
9.44217015935415,10.9298702732269,1
8.98201047738598,9.7328261799471,1
10.6003126169472,9.03461786944157,1
9.63553826636641,11.121884277126,1
10.2591455975603,9.66220769672992,1
10.514799915234,10.0076353533912,1
10.4873363260203,10.0585235392169,1
9.91003696845738,10.8600042058784,1
15.0389324516736,14.7215095773495,2
14.022908147774,14.9191846954941,2
16.5424303647292,14.0435850214879,2
15.3826126407562,16.1591417538796,2
15.0908986886835,15.2524445385121,2
16.101277917472,13.5473823794269,2
15.6081184450666,13.9088843112085,2
14.4982956178201,13.5291801274249,2
15.0326485394884,16.0199696403919,2
16.3012155762338,15.9359772414385,2
13.6022452675484,15.549634060585,2
16.4548842929839,13.9797191005837,2
16.7192489637765,14.436470644119,2
15.8676521279752,16.0356036104287,2
16.683599335486,14.8388359486289,2
15.9038310529628,13.7058749762959,2
15.6897019112728,14.9708710177147,2
13.8581580828646,13.6209709682171,2
16.0239015021348,16.6944938819997,2
14.8808524772335,14.7462095715867,2
14.9539113283262,15.0930141952108,2
14.6453856337505,13.6089070412187,2
16.1158837258229,13.6946629483972,2
14.98110379722,13.072409952698,2
14.0123147600686,16.6198684374172,2
15.5197329380531,13.8745278030572,2
14.6944897478173,16.3875069645116,2
15.7958323554331,14.0092020985095,2
13.9666022152459,14.163173680272,2
16.8812801883049,15.4740314449583,2
16.0157015881293,14.9330360663454,2
13.8165274306343,14.9645021439148,2
13.929689669593,16.174464205545,2
16.4293818606865,16.0652538220278,2
14.6226672046306,16.6160006293993,2
16.7828955631773,14.9189349398682,2
14.126046801535,14.6937303767755,2
16.1514972663785,15.5445452085769,2
15.3241706355313,16.9362640591119,2
15.5208587650326,15.8214584090232,2
13.3875811350632,15.9845248634623,2
14.3116947076151,14.8588521548058,2
14.3865250551368,15.0338137383898,2
15.4943193358105,14.4592806895753,2
13.8516798318038,16.4491317101032,2
13.2173377370532,14.7169388430451,2
13.3495415271455,14.4188668431891,2
15.9580419000992,14.1896546245709,2
16.4330604015678,14.2777171370025,2
15.9051121700169,15.401612298679,2
14.2749328342974,14.7030263034428,2
15.4664389287344,13.1891288843649,2
16.5393260667011,15.0871019236119,2
15.0609699338004,14.2236592902311,2
16.243586955331,15.335460866898,2
16.3932057668015,15.6909433992485,2
13.868888094425,13.6500100437531,2
14.3793362913675,13.2047877084982,2
15.4374089127001,13.3357402987072,2
14.4785720879975,13.104969434969,2
14.3403141403936,16.4096132050071,2
13.4604979931252,15.5775916451787,2
14.8709418406663,15.2491241307269,2
15.5347613137676,14.7629546733634,2
13.411308226443,14.9037057574939,2
16.682645781349,15.1922485582819,2
14.7978982651044,14.6799060601646,2
16.0227880319783,15.6415289465419,2
13.803315935512,15.143178616523,2
16.3774295715142,14.1975487019027,2
15.9984545225014,15.4249041950917,2
14.6245679427616,15.5621909581068,2
14.2685150356339,14.0028445395846,2
15.4340982073272,15.7493226005816,2
15.7898166940837,14.7321185162066,2
15.4025321983367,16.4219962126854,2
13.7370835630543,14.3059542285548,2
13.5021030743459,15.4778149227668,2
14.9204422133185,14.0682460233619,2
14.7839229013796,15.681516002915,2
14.9504147434087,16.1102066061116,2
14.7526431471823,15.6028439721806,2
14.4035653335355,16.5145013709309,2
14.3006583674971,15.5196919631981,2
14.5794671773224,14.8438748404458,2
13.7891311282304,16.0039848460187,2
14.0011886175716,13.6467074246296,2
15.2077034910165,15.19692940321,2
14.4147117033481,14.3458666709049,2
15.3096604421625,16.91049325939,2
16.5925165175801,15.5585761834316,2
14.8026442077099,16.0614822204515,2
14.9419534981798,16.0330119740624,2
16.1926805145296,15.4248085943183,2
16.8406019550793,14.4323227365057,2
14.8592829198845,16.5143369037403,2
15.0260405666701,13.5741114750419,2
13.7672455629727,15.0807465149213,2
13.2630808106486,14.4373148196546,2
13.540202438267,14.8047561353834,2
13.178799895513,15.3345638724742,2
13.2500660135317,15.8727461868343,2
16.5843654953809,14.87609570901,2
16.1434683620198,14.7572830993579,2
16.2291567161307,14.5277036990669,2
14.4993867805072,15.2688200281442,2
15.6197871358261,16.359960644426,2
13.9460352776937,13.8864857092008,2
16.2514702882472,14.8303915097479,2
13.5054113800177,14.7486269239153,2
16.9051431213435,14.7326348040409,2
15.2550113587488,15.5662346578089,2
14.7062895243271,13.2913114531973,2
15.1872539161442,13.82340159449,2
15.6101948276749,15.6474489843849,2
15.2647269454835,13.3643413626295,2
15.1480621727006,15.0654325454927,2
16.9049018918879,14.4906009783797,2
14.3299010968354,16.537081988774,2
13.367304756987,14.5889735547159,2
15.9664640398475,15.7988539929014,2
13.9969312662478,14.070715283024,2
16.2845127734115,16.4387878553897,2
15.9348059910781,14.4837011452412,2
15.3579014111341,13.2150486570498,2
3.88130663127497,5.54621742821466,3
3.49599080722831,4.5707950113085,3
3.46307820574933,5.14297655259856,3
3.46666596686376,4.52250505824245,3
4.830659682996,4.51597019836199,3
3.44051458091345,4.96184664057986,3
15.0798381746193,15.3716201662526,3
